INFO
Type    NOE     NOE     R1      R1      R1p     R1p     
v0      600     400     600     400     600     600
v1      0       0       0       0       22.9    11.4
vr      0       0       0       0       6       6
Nuc     13C     13C     13C     13C     13C     13C
Nuc1    1H,1H   1H,1H   1H,1H   1H,1H   1H,1H   1H,1H
dXY     46640,46640   46640,46640   46640,46640   46640,46640   46640,46640   46640,46640
END


DATA
R
0.1223	0.1683	0.7902	1.1040	8.2160	15.0826	
0.1494	0.1893	0.9983	1.2912	6.5638	15.9603	
0.2390	0.3013	1.6758	2.0611	15.0257	22.8913	
0.2733	0.3733	1.8839	2.4207	7.7483	14.5689	
0.2735	0.3337	1.7758	2.1338	30.6431	44.2980	
0.3097	0.4159	2.0145	2.4688	50.1892	66.8908	
0.2719	0.3762	2.0168	2.6219	54.7453	85.1291	

Rstd
0.0034	0.0015	0.0050	0.0101	0.3251	0.8778	
0.0040	0.0016	0.0058	0.0108	0.3347	1.1391	
0.0038	0.0029	0.0074	0.0166	0.3806	1.0268	
0.0072	0.0028	0.0165	0.0184	0.3700	0.6471	
0.0020	0.0023	0.0036	0.0131	1.5655	2.3501	
0.0093	0.0028	0.0140	0.0165	2.1030	2.8955	
0.0151	0.0076	0.0286	0.0343	3.5240	5.7792	

S2
0.0000
0.0000
0.0000
0.0000
0.0000
0.0000
0.0000

S2std
0.0100
0.0100
0.0100
0.0100
0.0100
0.0100
0.0100

label
w-1
w-2
E4
E1
(CH2)n
beta
alpha

END
